      10       5      10      10      30     0.2    0.02    0.02    2000     0.4   38168

      10       5      10      20     150     0.4    0.06    0.04   10000     0.8  422747

      10      10      20      30      60     0.6    0.04    0.04    4000     0.8 2578000

      10      10      20      40      30     0.8    0.08    0.06    2000     1.2 9084000

      10      15      30      50      90       1    0.06    0.06    6000     1.2 23510000

      10      15      30      10      60     0.2     0.1    0.08    4000     1.6 4629000

      10      20      40      20     120     0.4    0.08    0.08    8000     1.6 17510000

      10      20      40      30      90     0.6    0.02     0.1    6000       2 40980000

      10      25      50      40     150     0.8     0.1     0.1   10000       2 61470000

      10      25      50      50     120       1    0.04    0.02    8000     0.4 5492000

      20       5      20      50     120     0.8    0.02    0.04    6000     1.6 15220000

      20       5      20      10      90       1    0.04    0.08   10000       2 2280000

      20      10      30      20     150     0.2    0.04    0.06    8000       2 9529000

      20      10      30      30     120     0.4    0.06     0.1    2000     0.4  805267

      20      15      40      40      30     0.6    0.06    0.08   10000     0.4 2359000

      20      15      40      50     150     0.8    0.08    0.02    4000     0.8 10000000

      20      20      50      10      60       1    0.08     0.1    2000     0.8 2507000

      20      20      50      20      30     0.2     0.1    0.04    6000     1.2 10570000

      20      25      10      30      90     0.4     0.1    0.02    4000     1.2 10610000

      20      25      10      40      60     0.6    0.02    0.06    8000     1.6 18240000

      30       5      30      40      60     0.4    0.08    0.02    6000       2 21315000

      30       5      30      50      30     0.6     0.1     0.1    8000     0.8 5966000

      30      10      40      10      90     0.8     0.1    0.04    8000     0.4  403660

      30      10      40      20      60       1    0.02    0.02   10000     1.2 5980000

      30      15      50      30     120     0.2    0.02    0.06   10000     0.8 7190000

      30      15      50      40      90     0.4    0.04    0.04    2000     1.6 24560000

      30      20      10      50     150     0.6    0.04    0.08    2000     1.2 13238000

      30      20      10      10     120     0.8    0.06    0.06    4000       2 2000000

      30      25      20      20      30       1    0.06     0.1    4000     1.6 8560000

      30      25      20      30     150     0.2    0.08    0.08    6000     0.4  843249

      40       5      40      30     150       1     0.1    0.06    2000     1.6 16490000

      40       5      40      40     120     0.2    0.04     0.1    4000     1.2 15600000

      40      10      50      50      30     0.4    0.02    0.08    4000       2 73700000

      40      10      50      10     150     0.6    0.06    0.02    6000     1.6 10300000

      40      15      10      20      60     0.8    0.04     0.1    6000     0.4  183565

      40      15      10      30      30       1    0.08    0.04    8000       2 15960000

      40      20      20      40      90     0.2    0.06    0.02    8000     0.8 5270000

      40      20      20      50      60     0.4     0.1    0.06   10000     0.4 1970000

      40      25      30      10     120     0.6    0.08    0.04   10000     1.2 2850000

      40      25      30      20      90     0.8    0.02    0.08    2000     0.8 2920000

      50       5      50      20      90     0.6    0.08    0.06    4000     0.4 1560000

      50       5      50      30      60     0.8    0.06    0.08    8000     1.2 18200000

      50      10      10      40     120       1     0.1    0.08    6000     0.8 2578000

      50      10      10      50      90     0.2    0.08     0.1   10000     1.6 15900000

      50      15      20      10     150     0.4    0.02     0.1    8000     1.2 1080000

      50      15      20      20     120     0.6     0.1    0.02    2000       2 8596000

      50      20      30      30      30     0.8    0.04    0.02   10000     1.6 25660000

      50      20      30      40     150       1    0.02    0.04    4000     0.4 2700000

      50      25      40      50      60     0.2    0.06    0.04    2000       2 149000000

      50      25      40      10      30     0.4    0.04    0.06    6000     0.8 2890000
